0.000000    0.000000    0.000001    0.000001    0.000002    0.000003    0.000005    0.000006    0.000008    0.000010    0.000013    0.000015    0.000018    0.000021    0.000025    0.000028    0.000032    0.000036    0.000041    0.000045    0.000050    0.000055    0.000061    0.000066    0.000072    0.000078    0.000085    0.000091    0.000098    0.000105    0.000113    0.000120    0.000128    0.000136    0.000145    0.000153    0.000162    0.000171    0.000181    0.000190    0.000200    
0.000000    0.000338    0.001327    0.002965    0.005254    0.008193    0.011782    0.016021    0.020910    0.026449    0.032637    0.039476    0.046963    0.055100    0.063886    0.073321    0.083405    0.094138    0.105519    0.117548    0.130225    0.143550    0.157523    0.172142    0.187409    0.203322    0.219881    0.237086    0.254937    0.273434    0.292575    0.312361    0.332791    0.353864    0.375581    0.397942    0.420944    0.444589    0.468876    0.493803    0.519372    
0.000001    0.001327    0.005203    0.011629    0.020604    0.032128    0.046200    0.062819    0.081983    0.103691    0.127941    0.154732    0.184061    0.215927    0.250326    0.287256    0.326715    0.368699    0.413205    0.460231    0.509771    0.561824    0.616383    0.673447    0.733010    0.795068    0.859616    0.926650    0.996165    1.068155    1.142615    1.219540    1.298925    1.380762    1.465047    1.551774    1.640935    1.732526    1.826538    1.922966    2.021802    
0.000001    0.002965    0.011629    0.025991    0.046049    0.071799    0.103236    0.140357    0.183153    0.231619    0.285745    0.345523    0.410943    0.481993    0.558661    0.640935    0.728801    0.822245    0.921250    1.025801    1.135880    1.251469    1.372550    1.499103    1.631107    1.768541    1.911383    2.059610    2.213200    2.372127    2.536368    2.705896    2.880686    3.060710    3.245941    3.436352    3.631913    3.832596    4.038372    4.249209    4.465077    
0.000002    0.005254    0.020604    0.046049    0.081579    0.127184    0.182851    0.248563    0.324300    0.410040    0.505756    0.611420    0.727001    0.852466    0.987776    1.132893    1.287774    1.452375    1.626649    1.810545    2.004012    2.206995    2.419438    2.641282    2.872467    3.112929    3.362603    3.621424    3.889322    4.166228    4.452070    4.746775    5.050268    5.362474    5.683314    6.012712    6.350586    6.696858    7.051444    7.414264    7.785233    
0.000003    0.008193    0.032128    0.071799    0.127184    0.198260    0.284992    0.387339    0.505255    0.638684    0.787564    0.951828    1.131401    1.326200    1.536139    1.761124    2.001054    2.255826    2.525327    2.809444    3.108053    3.421031    3.748247    4.089567    4.444852    4.813960    5.196747    5.593063    6.002756    6.425672    6.861654    7.310543    7.772178    8.246394    8.733029    9.231915    9.742886    10.265774    10.800410    11.346624    11.904248    
0.000005    0.011782    0.046200    0.103236    0.182851    0.284992    0.409588    0.556558    0.725803    0.917210    1.130655    1.365998    1.623087    1.901756    2.201831    2.523122    2.865431    3.228549    3.612257    4.016327    4.440523    4.884601    5.348309    5.831389    6.333578    6.854605    7.394196    7.952074    8.527956    9.121558    9.732591    10.360766    11.005791    11.667376    12.345228    13.039053    13.748560    14.473457    15.213453    15.968260    16.737590    
0.000006    0.016021    0.062819    0.140357    0.248563    0.387339    0.556558    0.756066    0.985684    1.245208    1.534407    1.853029    2.200799    2.577420    2.982576    3.415931    3.877133    4.365813    4.881585    5.424054    5.992808    6.587426    7.207480    7.852529    8.522129    9.215827    9.933168    10.673691    11.436935    12.222436    13.029730    13.858353    14.707843    15.577740    16.467588    17.376931    18.305321    19.252312    20.217465    21.200347    22.200529    
0.000008    0.020910    0.081983    0.183153    0.324300    0.505255    0.725803    0.985684    1.284597    1.622197    1.998099    2.411881    2.863088    3.351228    3.875780    4.436197    5.031904    5.662304    6.326780    7.024697    7.755406    8.518245    9.312540    10.137611    10.992771    11.877331    12.790599    13.731884    14.700495    15.695747    16.716957    17.763451    18.834561    19.929626    21.047998    22.189035    23.352109    24.536603    25.741911    26.967440    28.212611    
0.000010    0.026449    0.103691    0.231619    0.410040    0.638684    0.917210    1.245208    1.622197    2.047634    2.520918    3.041387    3.608332    4.220993    4.878570    5.580224    6.325081    7.112241    7.940777    8.809745    9.718185    10.665123    11.649581    12.670575    13.727121    14.818238    15.942949    17.100286    18.289293    19.509023    20.758547    22.036947    23.343328    24.676808    26.036529    27.421649    28.831350    30.264834    31.721325    33.200066    34.700327    
0.000013    0.032637    0.127941    0.285745    0.505756    0.787564    1.130655    1.534407    1.998099    2.520918    3.101964    3.740260    4.434755    5.184337    5.987836    6.844037    7.751682    8.709483    9.716127    10.770283    11.870606    13.015749    14.204363    15.435106    16.706645    18.017660    19.366852    20.752941    22.174671    23.630812    25.120162    26.641551    28.193838    29.775914    31.386702    33.025160    34.690278    36.381079    38.096621    39.835992    41.598314    
0.000015    0.039476    0.154732    0.345523    0.611420    0.951828    1.365998    1.853029    2.411881    3.041387    3.740260    4.507108    5.340447    6.238713    7.200272    8.223439    9.306482    10.447641    11.645134    12.897168    14.201949    15.557690    16.962619    18.414987    19.913068    21.455172    23.039642    24.664865    26.329266    28.031318    29.769540    31.542498    33.348805    35.187126    37.056172    38.954704    40.881528    42.835502    44.815524    46.820542    48.849545    
0.000018    0.046963    0.184061    0.410943    0.727001    1.131401    1.623087    2.200799    2.863088    3.608332    4.434755    5.340447    6.323382    7.381439    8.512420    9.714070    10.984094    12.320173    13.719978    15.181185    16.701489    18.278611    19.910309    21.594385    23.328694    25.111148    26.939717    28.812438    30.727414    32.682815    34.676881    36.707918    38.774305    40.874485    43.006970    45.170335    47.363222    49.584332    51.832425    54.106322    56.404897    
0.000021    0.055100    0.215927    0.481993    0.852466    1.326200    1.901756    2.577420    3.351228    4.220993    5.184337    6.238713    7.381439    8.609727    9.920709    11.311463    12.779038    14.320475    15.932829    17.613182    19.358662    21.166456    23.033816    24.958073    26.936637    28.967011    31.046785    33.173646    35.345374    37.559843    39.815023    42.108976    44.439854    46.805899    49.205437    51.636878    54.098713    56.589508    59.107903    61.652607    64.222399    
0.000025    0.063886    0.250326    0.558661    0.987776    1.536139    2.201831    2.982576    3.875780    4.878570    5.987836    7.200272    8.512420    9.920709    11.421494    13.011090    14.685804    16.441964    18.275941    20.184173    22.163182    24.209582    26.320101    28.491577    30.720974    33.005378    35.342005    37.728196    40.161420    42.639271    45.159462    47.719827    50.318313    52.952978    55.621983    58.323591    61.056163    63.818149    66.608086    69.424593    72.266366    
0.000028    0.073321    0.287256    0.640935    1.132893    1.761124    2.523122    3.415931    4.436197    5.580224    6.844037    8.223439    9.714070    11.311463    13.011090    14.808411    16.698912    18.678140    20.741732    22.885437    25.105138    27.396863    29.756795    32.181280    34.666834    37.210136    39.808035    42.457544    45.155838    47.900246    50.688248    53.517470    56.385675    59.290756    62.230733    65.203742    68.208032    71.241957    74.303969    77.392615    80.506525    
0.000032    0.083405    0.326715    0.728801    1.287774    2.001054    2.865431    3.877133    5.031904    6.325081    7.751682    9.306482    10.984094    12.779038    14.685804    16.698912    18.812956    21.022646    23.322842    25.708575    28.175069    30.717753    33.332268    36.014472    38.760438    41.566458    44.429031    47.344860    50.310847    53.324081    56.381831    59.481535    62.620796    65.797366    69.009141    72.254153    75.530557    78.836629    82.170753    85.531418    88.917205    
0.000036    0.094138    0.368699    0.822245    1.452375    2.255826    3.228549    4.365813    5.662304    7.112241    8.709483    10.447641    12.320173    14.320475    16.441964    18.678140    21.022646    23.469312    26.012186    28.645564    31.364003    34.162333    37.035659    39.979363    42.989099    46.060785    49.190594    52.374945    55.610490    58.894100    62.222858    65.594041    69.005110    72.453698    75.937600    79.454757    83.003254    86.581301    90.187231    93.819488    97.476620    
0.000041    0.105519    0.413205    0.921250    1.626649    2.525327    3.612257    4.881585    6.326780    7.940777    9.716127    11.645134    13.719978    15.932829    18.275941    20.741732    23.322842    26.012186    28.802984    31.688786    34.663485    37.721320    40.856877    44.065082    47.341188    50.680768    54.079693    57.534123    61.040486    64.595463    68.195971    71.839149    75.522339    79.243075    82.999066    86.788187    90.608461    94.458052    98.335253    102.238477    106.166244    
0.000045    0.117548    0.460231    1.025801    1.810545    2.809444    4.016327    5.424054    7.024697    8.809745    10.770283    12.897168    15.181185    17.613182    20.184173    22.885437    25.708575    28.645564    31.688786    34.831049    38.065590    41.386076    44.786595    48.261639    51.806090    55.415201    59.084570    62.810123    66.588090    70.414987    74.287589    78.202917    82.158216    86.150937    90.178725    94.239398    98.330935    102.451466    106.599256    110.772694    114.970289    
0.000050    0.130225    0.509771    1.135880    2.004012    3.108053    4.440523    5.992808    7.755406    9.718185    11.870606    14.201949    16.701489    19.358662    22.163182    25.105138    28.175069    31.364003    34.663485    38.065590    41.562919    45.148590    48.816216    52.559887    56.374143    60.253941    64.194637    68.191951    72.241939    76.340974    80.485713    84.673079    88.900237    93.164576    97.463685    101.795344    106.157499    110.548256    114.965863    119.408696    123.875256    
0.000055    0.143550    0.561824    1.251469    2.206995    3.421031    4.884601    6.587426    8.518245    10.665123    13.015749    15.557690    18.278611    21.166456    24.209582    27.396863    30.717753    34.162333    37.721320    41.386076    45.148590    49.001455    52.937845    56.951474    61.036567    65.187822    69.400377    73.669769    77.991908    82.363046    86.779741    91.238837    95.737436    100.272877    104.842711    109.444689    114.076736    118.736944    123.423548    128.134924    132.869567    
0.000061    0.157523    0.616383    1.372550    2.419438    3.748247    5.348309    7.207480    9.312540    11.649581    14.204363    16.962619    19.910309    23.033816    26.320101    29.756795    33.332268    37.035659    40.856877    44.786595    48.816216    52.937845    57.144242    61.428780    65.785401    70.208571    74.693235    79.234776    83.828979    88.471993    93.160298    97.890675    102.660179    107.466110    112.305996    117.177565    122.078733    127.007583    131.962350    136.941408    141.943258    
0.000066    0.172142    0.673447    1.499103    2.641282    4.089567    5.831389    7.852529    10.137611    12.670575    15.435106    18.414987    21.594385    24.958073    28.491577    32.181280    36.014472    39.979363    44.065082    48.261639    52.559887    56.951474    61.428780    65.984869    70.613431    75.308725    80.065530    84.879099    89.745111    94.659635    99.619087    104.620200    109.659993    114.735742    119.844958    124.985359    130.154858    135.351535    140.573631    145.819524    151.087724    
0.000072    0.187409    0.733010    1.631107    2.872467    4.444852    6.333578    8.522129    10.992771    13.727121    16.706645    19.913068    23.328694    26.936637    30.720974    34.666834    38.760438    42.989099    47.341188    51.806090    56.374143    61.036567    65.785401    70.613431    75.514120    80.481551    85.510360    90.595691    95.733138    100.918703    106.148754    111.419992    116.729409    122.074269    127.452072    132.860536    138.297573    143.761272    149.249878    154.761783    160.295506    
0.000078    0.203322    0.795068    1.768541    3.112929    4.813960    6.854605    9.215827    11.877331    14.818238    18.017660    21.455172    25.111148    28.967011    33.005378    37.210136    41.566458    46.060785    50.680768    55.415201    60.253941    65.187822    70.208571    75.308725    80.481551    85.720977    91.021524    96.378242    101.786658    107.242724    112.742775    118.283485    123.861835    129.475081    135.120723    140.796483    146.500280    152.230212    157.984538    163.761661    169.560115    
0.000085    0.219881    0.859616    1.911383    3.362603    5.196747    7.394196    9.933168    12.790599    15.942949    19.366852    23.039642    26.939717    31.046785    35.342005    39.808035    44.429031    49.190594    54.079693    59.084570    64.194637    69.400377    74.693235    80.065530    85.510360    91.021524    96.593442    102.221093    107.899950    113.625931    119.395345    125.204855    131.051435    136.932343    142.845083    148.787386    154.757184    160.752588    166.771872    172.813455    178.875888    
0.000091    0.237086    0.926650    2.059610    3.621424    5.593063    7.952074    10.673691    13.731884    17.100286    20.752941    24.664865    28.812438    33.173646    37.728196    42.457544    47.344860    52.374945    57.534123    62.810123    68.191951    73.669769    79.234776    84.879099    90.595691    96.378242    102.221093    108.119165    114.067895    120.063173    126.101298    132.178926    138.293034    144.440887    150.619999    156.828116    163.063182    169.323328    175.606843    181.912166    188.237864    
0.000098    0.254937    0.996165    2.213200    3.889322    6.002756    8.527956    11.436935    14.700495    18.289293    22.174671    26.329266    30.727414    35.345374    40.161420    45.155838    50.310847    55.610490    61.040486    66.588090    72.241939    77.991908    83.828979    89.745111    95.733138    101.786658    107.899950    114.067895    120.285900    126.549844    132.856020    139.201088    145.582033    151.996130    158.440910    164.914134    171.413767    177.937956    184.485012    191.053392    197.641683    
0.000105    0.273434    1.068155    2.372127    4.166228    6.425672    9.121558    12.222436    15.695747    19.509023    23.630812    28.031318    32.682815    37.559843    42.639271    47.900246    53.324081    58.894100    64.595463    70.414987    76.340974    82.363046    88.471993    94.659635    100.918703    107.242724    113.625931    120.063173    126.549844    133.081818    139.655389    146.267228    152.914332    159.593994    166.303762    173.041418    179.804946    186.592516    193.402458    200.233251    207.083502    
0.000113    0.292575    1.142615    2.536368    4.452070    6.861654    9.732591    13.029730    16.716957    20.758547    25.120162    29.769540    34.676881    39.815023    45.159462    50.688248    56.381831    62.222858    68.195971    74.287589    80.485713    86.779741    93.160298    99.619087    106.148754    112.742775    119.395345    126.101298    132.856020    139.655389    146.495710    153.373666    160.286273    167.230844    174.204948    181.206389    188.233175    195.283496    202.355706    209.448304    216.559919    
0.000120    0.312361    1.219540    2.705896    4.746775    7.310543    10.360766    13.858353    17.763451    22.036947    26.641551    31.542498    36.707918    42.108976    47.719827    53.517470    59.481535    65.594041    71.839149    78.202917    84.673079    91.238837    97.890675    104.620200    111.419992    118.283485    125.204855    132.178926    139.201088    146.267228    153.373666    160.517104    167.694581    174.903431    182.141247    189.405858    196.695295    204.007772    211.341666    218.695498    226.067919    
0.000128    0.332791    1.298925    2.880686    5.050268    7.772178    11.005791    14.707843    18.834561    23.343328    28.193838    33.348805    38.774305    44.439854    50.318313    56.385675    62.620796    69.005110    75.522339    82.158216    88.900237    95.737436    102.660179    109.659993    116.729409    123.861835    131.051435    138.293034    145.582033    152.914332    160.286273    167.694581    175.136318    182.608844    190.109778    197.636974    205.188488    212.762559    220.357587    227.972115    235.604818    
0.000136    0.353864    1.380762    3.060710    5.362474    8.246394    11.667376    15.577740    19.929626    24.676808    29.775914    35.187126    40.874485    46.805899    52.952978    59.290756    65.797366    72.453698    79.243075    86.150937    93.164576    100.272877    107.466110    114.735742    122.074269    129.475081    136.932343    144.440887    151.996130    159.593994    167.230844    174.903431    182.608844    190.344469    198.107956    205.897182    213.710230    221.545364    229.401008    237.275728    245.168219    
0.000145    0.375581    1.465047    3.245941    5.683314    8.733029    12.345228    16.467588    21.047998    26.036529    31.386702    37.056172    43.006970    49.205437    55.621983    62.230733    69.009141    75.937600    82.999066    90.178725    97.463685    104.842711    112.305996    119.844958    127.452072    135.120723    142.845083    150.619999    158.440910    166.303762    174.204948    182.141247    190.109778    198.107956    206.133457    214.184187    222.258256    230.353953    238.469724    246.604161    254.755979    
0.000153    0.397942    1.551774    3.436352    6.012712    9.231915    13.039053    17.376931    22.189035    27.421649    33.025160    38.954704    45.170335    51.636878    58.323591    65.203742    72.254153    79.454757    86.788187    94.239398    101.795344    109.444689    117.177565    124.985359    132.860536    140.796483    148.787386    156.828116    164.914134    173.041418    181.206389    189.405858    197.636974    205.897182    214.184187    222.495925    230.830529    239.186316    247.561757    255.955465    264.366177    
0.000162    0.420944    1.640935    3.631913    6.350586    9.742886    13.748560    18.305321    23.352109    28.831350    34.690278    40.881528    47.363222    54.098713    61.056163    68.208032    75.530557    83.003254    90.608461    98.330935    106.157499    114.076736    122.078733    130.154858    138.297573    146.500280    154.757184    163.063182    171.413767    179.804946    188.233175    196.695295    205.188488    213.710230    222.258256    230.830529    239.425212    248.040644    256.675322    265.327881    273.997081    
0.000171    0.444589    1.732526    3.832596    6.696858    10.265774    14.473457    19.252312    24.536603    30.264834    36.381079    42.835502    49.584332    56.589508    63.818149    71.241957    78.836629    86.581301    94.458052    102.451466    110.548256    118.736944    127.007583    135.351535    143.761272    152.230212    160.752588    169.323328    177.937956    186.592516    195.283496    204.007772    212.762559    221.545364    230.353953    239.186316    248.040644    256.915302    265.808811    274.719828    283.647133    
0.000181    0.468876    1.826538    4.038372    7.051444    10.800410    15.213453    20.217465    25.741911    31.721325    38.096621    44.815524    51.832425    59.107903    66.608086    74.303969    82.170753    90.187231    98.335253    106.599256    114.965863    123.423548    131.962350    140.573631    149.249878    157.984538    166.771872    175.606843    184.485012    193.402458    202.355706    211.341666    220.357587    229.401008    238.469724    247.561757    256.675322    265.808811    274.960767    284.129870    293.314922    
0.000190    0.493803    1.922966    4.249209    7.414264    11.346624    15.968260    21.200347    26.967440    33.200066    39.835992    46.820542    54.106322    61.652607    69.424593    77.392615    85.531418    93.819488    102.238477    110.772694    119.408696    128.134924    136.941408    145.819524    154.761783    163.761661    172.813455    181.912166    191.053392    200.233251    209.448304    218.695498    227.972115    237.275728    246.604161    255.955465    265.327881    274.719828    284.129870    293.556712    302.999174    
0.000200    0.519372    2.021802    4.465077    7.785233    11.904248    16.737590    22.200529    28.212611    34.700327    41.598314    48.849545    56.404897    64.222399    72.266366    80.506525    88.917205    97.476620    106.166244    114.970289    123.875256    132.869567    141.943258    151.087724    160.295506    169.560115    178.875888    188.237864    197.641683    207.083502    216.559919    226.067919    235.604818    245.168219    254.755979    264.366177    273.997081    283.647133    293.314922    302.999174    312.698728    
